1: 40, 360, 140, 360
2: 40, 440, 140, 440
IAG: 140, 360, 225, 360
IIAG: 140, 440, 225, 440
1-7DG-A: 225, 360, 250, 360
1-7DG-B: 265, 360, 365, 360
1-7DG-C: 380, 360, 440, 360
1-3DC: 260, 365, 360, 430
3-5DG-A: 225, 440, 250, 440
3-5DG-B: 265, 440, 365, 440
3-5DG-C: 380, 440, 390, 440
5-7DC: 260, 433, 360, 370
11DG-A: 440, 360, 455, 360
11DG-B: 470, 360, 540, 360
11DG-C: 470, 345, 525, 280
11DG-D: 525, 279, 540, 279
9DG-A: 390, 440, 405, 440
9DG-B: 420, 440, 540, 440
9DG-C: 420, 450, 500, 520
9DG-D: 500, 520, 540, 520
IG: 540, 360, 740, 360
IIG: 540, 440, 740, 440
3G: 540, 279, 740, 279
4G: 540, 520, 740, 520
12DG-A: 740, 360, 880, 360
12DG-B: 895, 360, 940, 360
12DG-C: 740, 279, 755, 279
12DG-D: 755, 279, 880, 350
10DG-A: 740, 440, 945, 440
10DG-B: 960, 440, 990, 440
10DG-C: 740, 520, 880, 520
10DG-D: 880, 520, 950, 450
6DG-A: 940, 360, 1100, 360
6DG-B: 1115, 360, 1140, 360
8DG-A: 990, 440, 1005, 440
8DG-B: 1020, 440, 1190, 440
4DG-A: 1140, 360, 1170, 360
4DG-B: 1185, 360, 1400, 360
2DG-A: 1190, 440, 1255, 440
2DG-B: 1270, 440, 1295, 440
IIBG: 1295, 440, 1400, 440
3: 1400, 440, 1450, 440
4: 1400, 360, 1450, 360
6-8DC: 1020, 430, 1100, 370
4-2DC: 1260, 431, 1180, 370